1,2,2,26
2,3,3,47
3,4,4,36
4,5,5,11
5,6,6,15
6,7,7,20
7,8,8,24
8,9,9,9
9,10,10,23
10,11,11,1
11,12,12,47
12,13,13,45
13,14,14,26
14,15,15,46
15,16,16,37
16,17,17,33
17,18,18,6
18,19,19,38
19,20,20,48
20,21,21,41
21,22,22,15
22,23,23,18
23,24,24,46
24,25,25,45
25,26,26,15
26,27,27,39
27,28,28,31
28,29,29,8
29,30,30,14
30,31,31,1
31,32,32,41
32,33,33,13
33,34,34,3
34,35,35,43
35,36,36,18
36,37,37,42
37,38,38,20
38,39,39,46
39,40,40,21
40,41,41,9
41,42,42,44
42,43,43,0
43,44,44,28
44,45,45,15
45,46,46,18
46,47,47,48
47,48,48,49
48,49,49,31
49,50,50,47
50,51,51,12
51,52,52,31
52,53,53,34
53,54,54,45
54,55,55,10
55,56,56,23
56,57,57,27
57,58,58,27
58,59,59,10
59,60,60,10
60,61,61,41
61,62,62,5
62,63,63,35
63,64,64,10
64,65,65,31
65,66,66,14
66,67,67,9
67,68,68,24
68,69,69,8
69,70,70,2
70,71,71,5
71,72,72,44
72,73,73,13
73,74,74,9
74,75,75,1
75,76,76,5
76,77,77,22
77,78,78,21
78,79,79,8
79,80,80,13
80,81,81,6
81,82,82,33
82,83,83,25
83,84,84,39
84,85,85,37
85,86,86,48
86,87,87,41
87,88,88,23
88,89,89,26
89,90,90,26
90,91,91,46
91,92,92,25
92,93,93,6
93,94,94,39
94,95,95,17
95,96,96,47
96,97,97,8
97,98,98,3
98,99,99,30
99,100,100,36
100,101,1,2
101,102,2,9
102,103,3,12
103,104,4,8
104,105,5,40
105,106,6,8
106,107,7,7
107,108,8,20
108,109,9,26
109,110,10,1
110,111,11,26
111,112,12,43
112,113,13,23
113,114,14,38
114,115,15,2
115,116,16,21
116,117,17,5
117,118,18,11
118,119,19,12
119,120,20,38
120,121,21,31
121,122,22,23
122,123,23,19
123,124,24,22
124,125,25,7
125,126,26,31
126,127,27,5
127,128,28,42
128,129,29,41
129,130,30,42
130,131,31,47
131,132,32,40
132,133,33,13
133,134,34,44
134,135,35,37
135,136,36,10
136,137,37,21
137,138,38,13
138,139,39,49
139,140,40,9
140,141,41,10
141,142,42,6
142,143,43,1
143,144,44,12
144,145,45,46
145,146,46,32
146,147,47,21
147,148,48,22
148,149,49,48
149,150,50,17
150,151,51,29
151,152,52,7
152,153,53,18
153,154,54,47
154,155,55,36
155,156,56,21
156,157,57,24
157,158,58,7
158,159,59,19
159,160,60,17
160,161,61,39
161,162,62,4
162,163,63,2
163,164,64,25
164,165,65,32
165,166,66,4
166,167,67,0
167,168,68,10
168,169,69,28
169,170,70,20
170,171,71,3
171,172,72,8
172,173,73,4
173,174,74,40
174,175,75,34
175,176,76,26
176,177,77,33
177,178,78,31
178,179,79,10
179,180,80,29
180,181,81,2
181,182,82,36
182,183,83,35
183,184,84,9
184,185,85,38
185,186,86,23
186,187,87,26
187,188,88,29
188,189,89,45
189,190,90,23
190,191,91,24
191,192,92,7
192,193,93,16
193,194,94,21
194,195,95,21
195,196,96,3
196,197,97,36
197,198,98,42
198,199,99,16
199,200,100,9
200,201,1,30
201,202,2,44
202,203,3,44
203,204,4,42
204,205,5,31
205,206,6,48
206,207,7,25
207,208,8,43
208,209,9,22
209,210,10,47
210,211,11,11
211,212,12,30
212,213,13,7
213,214,14,14
214,215,15,10
215,216,16,48
216,217,17,23
217,218,18,20
218,219,19,42
219,220,20,34
220,221,21,22
221,222,22,44
222,223,23,20
223,224,24,41
224,225,25,13
225,226,26,33
226,227,27,34
227,228,28,1
228,229,29,13
229,230,30,22
230,231,31,49
231,232,32,8
232,233,33,16
233,234,34,41
234,235,35,16
235,236,36,8
236,237,37,38
237,238,38,0
238,239,39,4
239,240,40,12
240,241,41,35
241,242,42,27
242,243,43,6
243,244,44,3
244,245,45,14
245,246,46,2
246,247,47,14
247,248,48,33
248,249,49,25
249,250,50,38
250,251,51,14
251,252,52,38
252,253,53,38
253,254,54,43
254,255,55,3
255,256,56,35
256,257,57,43
257,258,58,2
258,259,59,18
259,260,60,37
260,261,61,2
261,262,62,10
262,263,63,11
263,264,64,46
264,265,65,6
265,266,66,40
266,267,67,41
267,268,68,29
268,269,69,28
269,270,70,29
270,271,71,9
271,272,72,0
272,273,73,18
273,274,74,18
274,275,75,35
275,276,76,4
276,277,77,29
277,278,78,17
278,279,79,40
279,280,80,20
280,281,81,6
281,282,82,1
282,283,83,29
283,284,84,3
284,285,85,0
285,286,86,46
286,287,87,45
287,288,88,17
288,289,89,9
289,290,90,49
290,291,91,33
291,292,92,14
292,293,93,21
293,294,94,30
294,295,95,22
295,296,96,5
296,297,97,49
297,298,98,17
298,299,99,10
299,300,100,11
300,301,1,18
301,302,2,38
302,303,3,17
303,304,4,49
304,305,5,20
305,306,6,16
306,307,7,19
307,308,8,35
308,309,9,22
309,310,10,12
310,311,11,39
311,312,12,33
312,313,13,43
313,314,14,38
314,315,15,23
315,316,16,29
316,317,17,6
317,318,18,19
318,319,19,49
319,320,20,4
320,321,21,16
321,322,22,3
322,323,23,14
323,324,24,37
324,325,25,49
325,326,26,35
326,327,27,41
327,328,28,33
328,329,29,33
329,330,30,3
330,331,31,46
331,332,32,41
332,333,33,48
333,334,34,40
334,335,35,34
335,336,36,48
336,337,37,15
337,338,38,39
338,339,39,7
339,340,40,24
340,341,41,22
341,342,42,46
342,343,43,36
343,344,44,40
344,345,45,28
345,346,46,5
346,347,47,37
347,348,48,11
348,349,49,19
349,350,50,49
350,351,51,31
351,352,52,22
352,353,53,19
353,354,54,19
354,355,55,42
355,356,56,34
356,357,57,42
357,358,58,1
358,359,59,30
359,360,60,34
360,361,61,26
361,362,62,34
362,363,63,32
363,364,64,20
364,365,65,25
365,366,66,12
366,367,67,28
367,368,68,46
368,369,69,4
369,370,70,19
370,371,71,17
371,372,72,38
372,373,73,2
373,374,74,37
374,375,75,38
375,376,76,34
376,377,77,27
377,378,78,18
378,379,79,36
379,380,80,3
380,381,81,44
381,382,82,33
382,383,83,19
383,384,84,23
384,385,85,11
385,386,86,28
386,387,87,37
387,388,88,41
388,389,89,46
389,390,90,37
390,391,91,42
391,392,92,19
392,393,93,9
393,394,94,33
394,395,95,5
395,396,96,49
396,397,97,6
397,398,98,17
398,399,99,41
399,400,100,4
400,401,1,42
401,402,2,48
402,403,3,17
403,404,4,47
404,405,5,4
405,406,6,0
406,407,7,20
407,408,8,13
408,409,9,26
409,410,10,10
410,411,11,31
411,412,12,15
412,413,13,29
413,414,14,25
414,415,15,15
415,416,16,6
416,417,17,0
417,418,18,29
418,419,19,6
419,420,20,3
420,421,21,19
421,422,22,5
422,423,23,12
423,424,24,34
424,425,25,35
425,426,26,4
426,427,27,45
427,428,28,46
428,429,29,49
429,430,30,20
430,431,31,41
431,432,32,5
432,433,33,11
433,434,34,0
434,435,35,42
435,436,36,16
436,437,37,45
437,438,38,22
438,439,39,45
439,440,40,33
440,441,41,11
441,442,42,7
442,443,43,46
443,444,44,24
444,445,45,39
445,446,46,48
446,447,47,23
447,448,48,5
448,449,49,25
449,450,50,45
450,451,51,32
451,452,52,36
452,453,53,26
453,454,54,40
454,455,55,39
455,456,56,21
456,457,57,26
457,458,58,8
458,459,59,7
459,460,60,46
460,461,61,20
461,462,62,9
462,463,63,16
463,464,64,46
464,465,65,47
465,466,66,42
466,467,67,48
467,468,68,12
468,469,69,46
469,470,70,37
470,471,71,36
471,472,72,14
472,473,73,44
473,474,74,40
474,475,75,17
475,476,76,49
476,477,77,32
477,478,78,11
478,479,79,25
479,480,80,41
480,481,81,37
481,482,82,46
482,483,83,6
483,484,84,1
484,485,85,22
485,486,86,33
486,487,87,41
487,488,88,48
488,489,89,3
489,490,90,46
490,491,91,5
491,492,92,34
492,493,93,35
493,494,94,21
494,495,95,39
495,496,96,25
496,497,97,23
497,498,98,1
498,499,99,26
499,500,100,25
500,501,1,49
501,502,2,42
502,503,3,11
503,504,4,46
504,505,5,22
505,506,6,21
506,507,7,22
507,508,8,46
508,509,9,41
509,510,10,34
510,511,11,32
511,512,12,41
512,513,13,45
513,514,14,47
514,515,15,7
515,516,16,17
516,517,17,34
517,518,18,21
518,519,19,5
519,520,20,11
520,521,21,23
521,522,22,20
522,523,23,5
523,524,24,47
524,525,25,11
525,526,26,33
526,527,27,49
527,528,28,17
528,529,29,29
529,530,30,11
530,531,31,31
531,532,32,25
532,533,33,11
533,534,34,48
534,535,35,43
535,536,36,10
536,537,37,42
537,538,38,1
538,539,39,46
539,540,40,6
540,541,41,36
541,542,42,24
542,543,43,12
543,544,44,3
544,545,45,43
545,546,46,49
546,547,47,29
547,548,48,11
548,549,49,16
549,550,50,29
550,551,51,49
551,552,52,30
552,553,53,13
553,554,54,29
554,555,55,18
555,556,56,30
556,557,57,4
557,558,58,41
558,559,59,34
559,560,60,3
560,561,61,19
561,562,62,28
562,563,63,17
563,564,64,4
564,565,65,17
565,566,66,36
566,567,67,7
567,568,68,3
568,569,69,46
569,570,70,25
570,571,71,27
571,572,72,32
572,573,73,27
573,574,74,42
574,575,75,45
575,576,76,16
576,577,77,2
577,578,78,47
578,579,79,28
579,580,80,30
580,581,81,29
581,582,82,1
582,583,83,28
583,584,84,25
584,585,85,35
585,586,86,20
586,587,87,5
587,588,88,49
588,589,89,8
589,590,90,19
590,591,91,25
591,592,92,10
592,593,93,46
593,594,94,9
594,595,95,4
595,596,96,47
596,597,97,28
597,598,98,47
598,599,99,29
599,600,100,22
600,601,1,18
601,602,2,17
602,603,3,35
603,604,4,38
604,605,5,34
605,606,6,6
606,607,7,26
607,608,8,21
608,609,9,0
609,610,10,29
610,611,11,45
611,612,12,14
612,613,13,30
613,614,14,12
614,615,15,2
615,616,16,27
616,617,17,36
617,618,18,25
618,619,19,47
619,620,20,4
620,621,21,3
621,622,22,31
622,623,23,20
623,624,24,39
624,625,25,41
625,626,26,33
626,627,27,17
627,628,28,25
628,629,29,21
629,630,30,46
630,631,31,9
631,632,32,19
632,633,33,35
633,634,34,18
634,635,35,35
635,636,36,12
636,637,37,49
637,638,38,44
638,639,39,27
639,640,40,18
640,641,41,34
641,642,42,41
642,643,43,9
643,644,44,2
644,645,45,42
645,646,46,15
646,647,47,1
647,648,48,33
648,649,49,19
649,650,50,15
650,651,51,26
651,652,52,14
652,653,53,44
653,654,54,14
654,655,55,4
655,656,56,37
656,657,57,2
657,658,58,36
658,659,59,28
659,660,60,4
660,661,61,28
661,662,62,39
662,663,63,43
663,664,64,26
664,665,65,42
665,666,66,47
666,667,67,25
667,668,68,7
668,669,69,12
669,670,70,42
670,671,71,11
671,672,72,46
672,673,73,25
673,674,74,49
674,675,75,11
675,676,76,26
676,677,77,25
677,678,78,9
678,679,79,48
679,680,80,48
680,681,81,18
681,682,82,31
682,683,83,46
683,684,84,19
684,685,85,27
685,686,86,45
686,687,87,42
687,688,88,46
688,689,89,12
689,690,90,29
690,691,91,6
691,692,92,46
692,693,93,5
693,694,94,6
694,695,95,14
695,696,96,7
696,697,97,28
697,698,98,48
698,699,99,45
699,700,100,8
700,701,1,27
701,702,2,33
702,703,3,25
703,704,4,40
704,705,5,14
705,706,6,14
706,707,7,41
707,708,8,28
708,709,9,10
709,710,10,0
710,711,11,47
711,712,12,4
712,713,13,21
713,714,14,11
714,715,15,12
715,716,16,5
716,717,17,41
717,718,18,2
718,719,19,3
719,720,20,36
720,721,21,39
721,722,22,28
722,723,23,4
723,724,24,29
724,725,25,5
725,726,26,41
726,727,27,29
727,728,28,0
728,729,29,0
729,730,30,14
730,731,31,14
731,732,32,38
732,733,33,18
733,734,34,32
734,735,35,4
735,736,36,33
736,737,37,23
737,738,38,0
738,739,39,20
739,740,40,43
740,741,41,13
741,742,42,22
742,743,43,12
743,744,44,5
744,745,45,34
745,746,46,48
746,747,47,21
747,748,48,25
748,749,49,24
749,750,50,30
750,751,51,13
751,752,52,26
752,753,53,9
753,754,54,6
754,755,55,11
755,756,56,47
756,757,57,25
757,758,58,26
758,759,59,15
759,760,60,27
760,761,61,1
761,762,62,10
762,763,63,0
763,764,64,16
764,765,65,11
765,766,66,4
766,767,67,12
767,768,68,35
768,769,69,36
769,770,70,1
770,771,71,34
771,772,72,42
772,773,73,37
773,774,74,10
774,775,75,12
775,776,76,1
776,777,77,2
777,778,78,8
778,779,79,4
779,780,80,40
780,781,81,17
781,782,82,4
782,783,83,9
783,784,84,20
784,785,85,35
785,786,86,17
786,787,87,13
787,788,88,0
788,789,89,41
789,790,90,33
790,791,91,16
791,792,92,7
792,793,93,11
793,794,94,32
794,795,95,28
795,796,96,42
796,797,97,22
797,798,98,13
798,799,99,15
799,800,100,38
800,801,1,41
801,802,2,9
802,803,3,48
803,804,4,38
804,805,5,30
805,806,6,14
806,807,7,23
807,808,8,0
808,809,9,22
809,810,10,44
810,811,11,2
811,812,12,28
812,813,13,20
813,814,14,39
814,815,15,9
815,816,16,1
816,817,17,30
817,818,18,23
818,819,19,31
819,820,20,11
820,821,21,23
821,822,22,32
822,823,23,42
823,824,24,19
824,825,25,5
825,826,26,11
826,827,27,47
827,828,28,14
828,829,29,35
829,830,30,44
830,831,31,33
831,832,32,38
832,833,33,44
833,834,34,7
834,835,35,45
835,836,36,39
836,837,37,48
837,838,38,28
838,839,39,36
839,840,40,4
840,841,41,7
841,842,42,42
842,843,43,44
843,844,44,31
844,845,45,33
845,846,46,41
846,847,47,2
847,848,48,0
848,849,49,47
849,850,50,28
850,851,51,38
851,852,52,10
852,853,53,12
853,854,54,17
854,855,55,1
855,856,56,43
856,857,57,39
857,858,58,14
858,859,59,12
859,860,60,7
860,861,61,30
861,862,62,34
862,863,63,17
863,864,64,28
864,865,65,4
865,866,66,30
866,867,67,11
867,868,68,42
868,869,69,11
869,870,70,48
870,871,71,26
871,872,72,14
872,873,73,13
873,874,74,11
874,875,75,31
875,876,76,2
876,877,77,15
877,878,78,42
878,879,79,36
879,880,80,21
880,881,81,38
881,882,82,34
882,883,83,19
883,884,84,35
884,885,85,41
885,886,86,47
886,887,87,21
887,888,88,44
888,889,89,47
889,890,90,15
890,891,91,27
891,892,92,32
892,893,93,8
893,894,94,6
894,895,95,48
895,896,96,15
896,897,97,21
897,898,98,16
898,899,99,11
899,900,100,12
900,901,1,22
901,902,2,36
902,903,3,37
903,904,4,24
904,905,5,46
905,906,6,49
906,907,7,32
907,908,8,35
908,909,9,31
909,910,10,42
910,911,11,22
911,912,12,34
912,913,13,18
913,914,14,37
914,915,15,40
915,916,16,28
916,917,17,40
917,918,18,47
918,919,19,42
919,920,20,17
920,921,21,45
921,922,22,23
922,923,23,11
923,924,24,7
924,925,25,16
925,926,26,29
926,927,27,21
927,928,28,45
928,929,29,16
929,930,30,0
930,931,31,28
931,932,32,11
932,933,33,27
933,934,34,8
934,935,35,31
935,936,36,31
936,937,37,24
937,938,38,28
938,939,39,21
939,940,40,8
940,941,41,20
941,942,42,29
942,943,43,37
943,944,44,33
944,945,45,33
945,946,46,25
946,947,47,8
947,948,48,30
948,949,49,9
949,950,50,4
950,951,51,29
951,952,52,3
952,953,53,30
953,954,54,23
954,955,55,2
955,956,56,14
956,957,57,31
957,958,58,32
958,959,59,24
959,960,60,22
960,961,61,36
961,962,62,32
962,963,63,15
963,964,64,42
964,965,65,38
965,966,66,3
966,967,67,3
967,968,68,48
968,969,69,33
969,970,70,10
970,971,71,34
971,972,72,16
972,973,73,27
973,974,74,2
974,975,75,8
975,976,76,13
976,977,77,27
977,978,78,27
978,979,79,16
979,980,80,33
980,981,81,23
981,982,82,25
982,983,83,39
983,984,84,45
984,985,85,2
985,986,86,11
986,987,87,45
987,988,88,43
988,989,89,9
989,990,90,3
990,991,91,18
991,992,92,38
992,993,93,33
993,994,94,18
994,995,95,47
995,996,96,35
996,997,97,32
997,998,98,40
998,999,99,11
999,1000,100,14
1000,1001,1,43
1001,1002,2,31
1002,1003,3,18
1003,1004,4,3
1004,1005,5,25
1005,1006,6,8
1006,1007,7,37
1007,1008,8,31
1008,1009,9,11
1009,1010,10,38
1010,1011,11,16
1011,1012,12,41
1012,1013,13,32
1013,1014,14,29
1014,1015,15,38
1015,1016,16,47
1016,1017,17,4
1017,1018,18,37
1018,1019,19,0
1019,1020,20,1
1020,1021,21,17
1021,1022,22,41
1022,1023,23,6
1023,1024,24,34
1024,1025,25,3
1025,1026,26,46
1026,1027,27,41
1027,1028,28,10
1028,1029,29,40
1029,1030,30,24
1030,1031,31,25
1031,1032,32,45
1032,1033,33,4
1033,1034,34,46
1034,1035,35,16
1035,1036,36,5
1036,1037,37,36
1037,1038,38,30
1038,1039,39,30
1039,1040,40,8
1040,1041,41,36
1041,1042,42,25
1042,1043,43,33
1043,1044,44,46
1044,1045,45,38
1045,1046,46,10
1046,1047,47,21
1047,1048,48,28
1048,1049,49,41
1049,1050,50,43
1050,1051,51,39
1051,1052,52,10
1052,1053,53,11
1053,1054,54,20
1054,1055,55,33
1055,1056,56,42
1056,1057,57,25
1057,1058,58,31
1058,1059,59,19
1059,1060,60,4
1060,1061,61,33
1061,1062,62,2
1062,1063,63,27
1063,1064,64,20
1064,1065,65,14
1065,1066,66,5
1066,1067,67,19
1067,1068,68,11
1068,1069,69,31
1069,1070,70,16
1070,1071,71,16
1071,1072,72,32
1072,1073,73,24
1073,1074,74,10
1074,1075,75,17
1075,1076,76,23
1076,1077,77,18
1077,1078,78,46
1078,1079,79,2
1079,1080,80,21
1080,1081,81,9
1081,1082,82,15
1082,1083,83,45
1083,1084,84,17
1084,1085,85,5
1085,1086,86,27
1086,1087,87,9
1087,1088,88,38
1088,1089,89,33
1089,1090,90,30
1090,1091,91,19
1091,1092,92,48
1092,1093,93,12
1093,1094,94,26
1094,1095,95,37
1095,1096,96,37
1096,1097,97,35
1097,1098,98,3
1098,1099,99,9
1099,1100,100,27
1100,1101,1,25
1101,1102,2,17
1102,1103,3,14
1103,1104,4,21
1104,1105,5,39
1105,1106,6,40
1106,1107,7,13
1107,1108,8,48
1108,1109,9,4
1109,1110,10,12
1110,1111,11,48
1111,1112,12,18
1112,1113,13,2
1113,1114,14,37
1114,1115,15,32
1115,1116,16,30
1116,1117,17,44
1117,1118,18,8
1118,1119,19,17
1119,1120,20,26
1120,1121,21,17
1121,1122,22,18
1122,1123,23,17
1123,1124,24,26
1124,1125,25,43
1125,1126,26,25
1126,1127,27,36
1127,1128,28,32
1128,1129,29,29
1129,1130,30,25
1130,1131,31,36
1131,1132,32,1
1132,1133,33,17
1133,1134,34,29
1134,1135,35,18
1135,1136,36,4
1136,1137,37,34
1137,1138,38,39
1138,1139,39,8
1139,1140,40,27
1140,1141,41,26
1141,1142,42,10
1142,1143,43,25
1143,1144,44,15
1144,1145,45,1
1145,1146,46,24
1146,1147,47,10
1147,1148,48,47
1148,1149,49,18
1149,1150,50,31
1150,1151,51,14
1151,1152,52,0
1152,1153,53,14
1153,1154,54,39
1154,1155,55,20
1155,1156,56,9
1156,1157,57,6
1157,1158,58,24
1158,1159,59,31
1159,1160,60,43
1160,1161,61,18
1161,1162,62,44
1162,1163,63,40
1163,1164,64,21
1164,1165,65,36
1165,1166,66,13
1166,1167,67,13
1167,1168,68,45
1168,1169,69,16
1169,1170,70,3
1170,1171,71,34
1171,1172,72,40
1172,1173,73,30
1173,1174,74,9
1174,1175,75,16
1175,1176,76,5
1176,1177,77,35
1177,1178,78,2
1178,1179,79,46
1179,1180,80,35
1180,1181,81,24
1181,1182,82,49
1182,1183,83,15
1183,1184,84,20
1184,1185,85,36
1185,1186,86,31
1186,1187,87,1
1187,1188,88,49
1188,1189,89,34
1189,1190,90,41
1190,1191,91,45
1191,1192,92,2
1192,1193,93,30
1193,1194,94,39
1194,1195,95,22
1195,1196,96,14
1196,1197,97,9
1197,1198,98,49
1198,1199,99,7
1199,1200,100,9
1200,1201,1,1
1201,1202,2,6
1202,1203,3,45
1203,1204,4,20
1204,1205,5,32
1205,1206,6,38
1206,1207,7,1
1207,1208,8,22
1208,1209,9,46
1209,1210,10,29
1210,1211,11,37
1211,1212,12,1
1212,1213,13,43
1213,1214,14,37
1214,1215,15,17
1215,1216,16,21
1216,1217,17,18
1217,1218,18,10
1218,1219,19,29
1219,1220,20,46
1220,1221,21,36
1221,1222,22,0
1222,1223,23,35
1223,1224,24,39
1224,1225,25,11
1225,1226,26,47
1226,1227,27,44
1227,1228,28,28
1228,1229,29,0
1229,1230,30,6
1230,1231,31,13
1231,1232,32,44
1232,1233,33,7
1233,1234,34,39
1234,1235,35,48
1235,1236,36,11
1236,1237,37,19
1237,1238,38,21
1238,1239,39,22
1239,1240,40,3
1240,1241,41,21
1241,1242,42,47
1242,1243,43,32
1243,1244,44,49
1244,1245,45,18
1245,1246,46,29
1246,1247,47,13
1247,1248,48,25
1248,1249,49,8
1249,1250,50,29
1250,1251,51,29
1251,1252,52,15
1252,1253,53,2
1253,1254,54,27
1254,1255,55,29
1255,1256,56,37
1256,1257,57,33
1257,1258,58,46
1258,1259,59,42
1259,1260,60,28
1260,1261,61,9
1261,1262,62,22
1262,1263,63,46
1263,1264,64,32
1264,1265,65,12
1265,1266,66,32
1266,1267,67,1
1267,1268,68,4
1268,1269,69,48
1269,1270,70,15
1270,1271,71,46
1271,1272,72,6
1272,1273,73,21
1273,1274,74,2
1274,1275,75,3
1275,1276,76,32
1276,1277,77,30
1277,1278,78,12
1278,1279,79,10
1279,1280,80,12
1280,1281,81,4
1281,1282,82,16
1282,1283,83,18
1283,1284,84,36
1284,1285,85,48
1285,1286,86,8
1286,1287,87,8
1287,1288,88,44
1288,1289,89,25
1289,1290,90,28
1290,1291,91,4
1291,1292,92,12
1292,1293,93,23
1293,1294,94,33
1294,1295,95,26
1295,1296,96,6
1296,1297,97,14
1297,1298,98,18
1298,1299,99,41
1299,1300,100,23
1300,1301,1,5
1301,1302,2,36
1302,1303,3,2
1303,1304,4,43
1304,1305,5,29
1305,1306,6,31
1306,1307,7,41
1307,1308,8,12
1308,1309,9,24
1309,1310,10,31
1310,1311,11,32
1311,1312,12,26
1312,1313,13,1
1313,1314,14,46
1314,1315,15,14
1315,1316,16,10
1316,1317,17,20
1317,1318,18,8
1318,1319,19,8
1319,1320,20,1
1320,1321,21,43
1321,1322,22,28
1322,1323,23,38
1323,1324,24,35
1324,1325,25,36
1325,1326,26,23
1326,1327,27,15
1327,1328,28,34
1328,1329,29,14
1329,1330,30,8
1330,1331,31,26
1331,1332,32,30
1332,1333,33,4
1333,1334,34,3
1334,1335,35,8
1335,1336,36,25
1336,1337,37,30
1337,1338,38,27
1338,1339,39,31
1339,1340,40,10
1340,1341,41,11
1341,1342,42,17
1342,1343,43,34
1343,1344,44,10
1344,1345,45,12
1345,1346,46,8
1346,1347,47,25
1347,1348,48,16
1348,1349,49,8
1349,1350,50,42
1350,1351,51,38
1351,1352,52,49
1352,1353,53,27
1353,1354,54,23
1354,1355,55,43
1355,1356,56,12
1356,1357,57,39
1357,1358,58,21
1358,1359,59,34
1359,1360,60,35
1360,1361,61,41
1361,1362,62,5
1362,1363,63,46
1363,1364,64,42
1364,1365,65,30
1365,1366,66,18
1366,1367,67,4
1367,1368,68,7
1368,1369,69,18
1369,1370,70,24
1370,1371,71,25
1371,1372,72,22
1372,1373,73,4
1373,1374,74,17
1374,1375,75,15
1375,1376,76,33
1376,1377,77,19
1377,1378,78,6
1378,1379,79,12
1379,1380,80,30
1380,1381,81,6
1381,1382,82,41
1382,1383,83,31
1383,1384,84,24
1384,1385,85,5
1385,1386,86,5
1386,1387,87,5
1387,1388,88,48
1388,1389,89,32
1389,1390,90,15
1390,1391,91,16
1391,1392,92,25
1392,1393,93,18
1393,1394,94,42
1394,1395,95,30
1395,1396,96,24
1396,1397,97,31
1397,1398,98,26
1398,1399,99,36
1399,1400,100,10
1400,1401,1,1
1401,1402,2,37
1402,1403,3,13
1403,1404,4,13
1404,1405,5,32
1405,1406,6,28
1406,1407,7,19
1407,1408,8,41
1408,1409,9,1
1409,1410,10,0
1410,1411,11,11
1411,1412,12,6
1412,1413,13,21
1413,1414,14,48
1414,1415,15,37
1415,1416,16,34
1416,1417,17,12
1417,1418,18,19
1418,1419,19,8
1419,1420,20,28
1420,1421,21,31
1421,1422,22,32
1422,1423,23,11
1423,1424,24,2
1424,1425,25,44
1425,1426,26,26
1426,1427,27,8
1427,1428,28,34
1428,1429,29,7
1429,1430,30,7
1430,1431,31,48
1431,1432,32,7
1432,1433,33,17
1433,1434,34,37
1434,1435,35,41
1435,1436,36,31
1436,1437,37,3
1437,1438,38,46
1438,1439,39,35
1439,1440,40,43
1440,1441,41,16
1441,1442,42,35
1442,1443,43,36
1443,1444,44,24
1444,1445,45,25
1445,1446,46,23
1446,1447,47,0
1447,1448,48,13
1448,1449,49,37
1449,1450,50,31
1450,1451,51,1
1451,1452,52,0
1452,1453,53,1
1453,1454,54,26
1454,1455,55,17
1455,1456,56,5
1456,1457,57,11
1457,1458,58,6
1458,1459,59,6
1459,1460,60,21
1460,1461,61,9
1461,1462,62,48
1462,1463,63,15
1463,1464,64,7
1464,1465,65,33
1465,1466,66,16
1466,1467,67,6
1467,1468,68,33
1468,1469,69,41
1469,1470,70,23
1470,1471,71,38
1471,1472,72,34
1472,1473,73,45
1473,1474,74,16
1474,1475,75,37
1475,1476,76,11
1476,1477,77,20
1477,1478,78,6
1478,1479,79,24
1479,1480,80,40
1480,1481,81,45
1481,1482,82,14
1482,1483,83,3
1483,1484,84,43
1484,1485,85,25
1485,1486,86,27
1486,1487,87,17
1487,1488,88,3
1488,1489,89,8
1489,1490,90,21
1490,1491,91,41
1491,1492,92,12
1492,1493,93,12
1493,1494,94,0
1494,1495,95,30
1495,1496,96,2
1496,1497,97,49
1497,1498,98,43
1498,1499,99,1
1499,1500,100,12
1500,1501,1,32
1501,1502,2,10
1502,1503,3,46
1503,1504,4,46
1504,1505,5,6
1505,1506,6,6
1506,1507,7,19
1507,1508,8,3
1508,1509,9,39
1509,1510,10,49
1510,1511,11,40
1511,1512,12,28
1512,1513,13,30
1513,1514,14,27
1514,1515,15,29
1515,1516,16,15
1516,1517,17,30
1517,1518,18,10
1518,1519,19,46
1519,1520,20,7
1520,1521,21,42
1521,1522,22,23
1522,1523,23,49
1523,1524,24,34
1524,1525,25,5
1525,1526,26,13
1526,1527,27,31
1527,1528,28,23
1528,1529,29,8
1529,1530,30,27
1530,1531,31,20
1531,1532,32,9
1532,1533,33,28
1533,1534,34,7
1534,1535,35,38
1535,1536,36,27
1536,1537,37,36
1537,1538,38,20
1538,1539,39,13
1539,1540,40,41
1540,1541,41,31
1541,1542,42,9
1542,1543,43,23
1543,1544,44,20
1544,1545,45,34
1545,1546,46,5
1546,1547,47,1
1547,1548,48,45
1548,1549,49,45
1549,1550,50,34
1550,1551,51,36
1551,1552,52,39
1552,1553,53,14
1553,1554,54,18
1554,1555,55,39
1555,1556,56,18
1556,1557,57,7
1557,1558,58,46
1558,1559,59,6
1559,1560,60,21
1560,1561,61,35
1561,1562,62,7
1562,1563,63,33
1563,1564,64,45
1564,1565,65,42
1565,1566,66,36
1566,1567,67,15
1567,1568,68,16
1568,1569,69,27
1569,1570,70,14
1570,1571,71,25
1571,1572,72,49
1572,1573,73,7
1573,1574,74,9
1574,1575,75,48
1575,1576,76,7
1576,1577,77,18
1577,1578,78,33
1578,1579,79,1
1579,1580,80,24
1580,1581,81,21
1581,1582,82,8
1582,1583,83,31
1583,1584,84,32
1584,1585,85,36
1585,1586,86,37
1586,1587,87,3
1587,1588,88,2
1588,1589,89,48
1589,1590,90,24
1590,1591,91,45
1591,1592,92,1
1592,1593,93,40
1593,1594,94,9
1594,1595,95,7
1595,1596,96,0
1596,1597,97,32
1597,1598,98,3
1598,1599,99,45
1599,1600,100,6
1600,1601,1,35
1601,1602,2,19
1602,1603,3,8
1603,1604,4,18
1604,1605,5,43
1605,1606,6,49
1606,1607,7,0
1607,1608,8,37
1608,1609,9,2
1609,1610,10,2
1610,1611,11,20
1611,1612,12,30
1612,1613,13,39
1613,1614,14,30
1614,1615,15,48
1615,1616,16,1
1616,1617,17,40
1617,1618,18,18
1618,1619,19,49
1619,1620,20,15
1620,1621,21,23
1621,1622,22,33
1622,1623,23,15
1623,1624,24,38
1624,1625,25,2
1625,1626,26,35
1626,1627,27,40
1627,1628,28,32
1628,1629,29,36
1629,1630,30,17
1630,1631,31,43
1631,1632,32,49
1632,1633,33,39
1633,1634,34,4
1634,1635,35,24
1635,1636,36,37
1636,1637,37,33
1637,1638,38,46
1638,1639,39,24
1639,1640,40,8
1640,1641,41,0
1641,1642,42,39
1642,1643,43,46
1643,1644,44,22
1644,1645,45,38
1645,1646,46,44
1646,1647,47,26
1647,1648,48,27
1648,1649,49,10
1649,1650,50,45
1650,1651,51,9
1651,1652,52,36
1652,1653,53,24
1653,1654,54,36
1654,1655,55,42
1655,1656,56,21
1656,1657,57,14
1657,1658,58,35
1658,1659,59,38
1659,1660,60,39
1660,1661,61,13
1661,1662,62,5
1662,1663,63,38
1663,1664,64,24
1664,1665,65,44
1665,1666,66,32
1666,1667,67,16
1667,1668,68,36
1668,1669,69,41
1669,1670,70,29
1670,1671,71,42
1671,1672,72,16
1672,1673,73,31
1673,1674,74,33
1674,1675,75,25
1675,1676,76,5
1676,1677,77,5
1677,1678,78,24
1678,1679,79,49
1679,1680,80,31
1680,1681,81,0
1681,1682,82,28
1682,1683,83,0
1683,1684,84,37
1684,1685,85,38
1685,1686,86,25
1686,1687,87,37
1687,1688,88,38
1688,1689,89,18
1689,1690,90,11
1690,1691,91,6
1691,1692,92,42
1692,1693,93,48
1693,1694,94,6
1694,1695,95,20
1695,1696,96,28
1696,1697,97,17
1697,1698,98,47
1698,1699,99,28
1699,1700,100,17
1700,1701,1,18
1701,1702,2,41
1702,1703,3,32
1703,1704,4,13
1704,1705,5,34
1705,1706,6,8
1706,1707,7,40
1707,1708,8,12
1708,1709,9,3
1709,1710,10,47
1710,1711,11,44
1711,1712,12,7
1712,1713,13,39
1713,1714,14,39
1714,1715,15,1
1715,1716,16,18
1716,1717,17,23
1717,1718,18,41
1718,1719,19,28
1719,1720,20,45
1720,1721,21,10
1721,1722,22,3
1722,1723,23,31
1723,1724,24,1
1724,1725,25,14
1725,1726,26,8
1726,1727,27,47
1727,1728,28,9
1728,1729,29,23
1729,1730,30,24
1730,1731,31,1
1731,1732,32,38
1732,1733,33,5
1733,1734,34,22
1734,1735,35,11
1735,1736,36,27
1736,1737,37,8
1737,1738,38,40
1738,1739,39,20
1739,1740,40,6
1740,1741,41,3
1741,1742,42,39
1742,1743,43,44
1743,1744,44,19
1744,1745,45,6
1745,1746,46,42
1746,1747,47,17
1747,1748,48,14
1748,1749,49,19
1749,1750,50,36
1750,1751,51,31
1751,1752,52,43
1752,1753,53,46
1753,1754,54,32
1754,1755,55,34
1755,1756,56,47
1756,1757,57,36
1757,1758,58,0
1758,1759,59,41
1759,1760,60,29
1760,1761,61,31
1761,1762,62,18
1762,1763,63,4
1763,1764,64,23
1764,1765,65,25
1765,1766,66,28
1766,1767,67,12
1767,1768,68,43
1768,1769,69,27
1769,1770,70,0
1770,1771,71,35
1771,1772,72,9
1772,1773,73,32
1773,1774,74,10
1774,1775,75,14
1775,1776,76,43
1776,1777,77,35
1777,1778,78,16
1778,1779,79,7
1779,1780,80,49
1780,1781,81,42
1781,1782,82,43
1782,1783,83,17
1783,1784,84,10
1784,1785,85,2
1785,1786,86,47
1786,1787,87,46
1787,1788,88,3
1788,1789,89,22
1789,1790,90,32
1790,1791,91,14
1791,1792,92,21
1792,1793,93,14
1793,1794,94,25
1794,1795,95,44
1795,1796,96,48
1796,1797,97,47
1797,1798,98,7
1798,1799,99,40
1799,1800,100,41
1800,1801,1,7
1801,1802,2,3
1802,1803,3,10
1803,1804,4,35
1804,1805,5,5
1805,1806,6,48
1806,1807,7,44
1807,1808,8,16
1808,1809,9,49
1809,1810,10,48
1810,1811,11,44
1811,1812,12,34
1812,1813,13,43
1813,1814,14,23
1814,1815,15,11
1815,1816,16,14
1816,1817,17,4
1817,1818,18,46
1818,1819,19,9
1819,1820,20,40
1820,1821,21,35
1821,1822,22,19
1822,1823,23,22
1823,1824,24,21
1824,1825,25,15
1825,1826,26,34
1826,1827,27,45
1827,1828,28,16
1828,1829,29,3
1829,1830,30,43
1830,1831,31,1
1831,1832,32,31
1832,1833,33,6
1833,1834,34,30
1834,1835,35,45
1835,1836,36,15
1836,1837,37,41
1837,1838,38,8
1838,1839,39,4
1839,1840,40,1
1840,1841,41,10
1841,1842,42,48
1842,1843,43,0
1843,1844,44,13
1844,1845,45,33
1845,1846,46,25
1846,1847,47,33
1847,1848,48,47
1848,1849,49,32
1849,1850,50,3
1850,1851,51,17
1851,1852,52,1
1852,1853,53,35
1853,1854,54,34
1854,1855,55,29
1855,1856,56,6
1856,1857,57,35
1857,1858,58,40
1858,1859,59,37
1859,1860,60,7
1860,1861,61,7
1861,1862,62,24
1862,1863,63,18
1863,1864,64,20
1864,1865,65,38
1865,1866,66,48
1866,1867,67,42
1867,1868,68,48
1868,1869,69,49
1869,1870,70,26
1870,1871,71,11
1871,1872,72,15
1872,1873,73,36
1873,1874,74,48
1874,1875,75,41
1875,1876,76,34
1876,1877,77,15
1877,1878,78,1
1878,1879,79,5
1879,1880,80,38
1880,1881,81,42
1881,1882,82,44
1882,1883,83,27
1883,1884,84,3
1884,1885,85,0
1885,1886,86,39
1886,1887,87,20
1887,1888,88,30
1888,1889,89,30
1889,1890,90,21
1890,1891,91,37
1891,1892,92,15
1892,1893,93,13
1893,1894,94,21
1894,1895,95,10
1895,1896,96,5
1896,1897,97,35
1897,1898,98,14
1898,1899,99,6
1899,1900,100,31
1900,1901,1,41
1901,1902,2,27
1902,1903,3,47
1903,1904,4,15
1904,1905,5,12
1905,1906,6,24
1906,1907,7,42
1907,1908,8,0
1908,1909,9,29
1909,1910,10,10
1910,1911,11,24
1911,1912,12,20
1912,1913,13,22
1913,1914,14,21
1914,1915,15,12
1915,1916,16,14
1916,1917,17,43
1917,1918,18,27
1918,1919,19,15
1919,1920,20,32
1920,1921,21,45
1921,1922,22,46
1922,1923,23,29
1923,1924,24,46
1924,1925,25,42
1925,1926,26,47
1926,1927,27,7
1927,1928,28,19
1928,1929,29,49
1929,1930,30,37
1930,1931,31,19
1931,1932,32,10
1932,1933,33,23
1933,1934,34,48
1934,1935,35,34
1935,1936,36,44
1936,1937,37,27
1937,1938,38,48
1938,1939,39,45
1939,1940,40,14
1940,1941,41,11
1941,1942,42,48
1942,1943,43,33
1943,1944,44,37
1944,1945,45,0
1945,1946,46,3
1946,1947,47,45
1947,1948,48,5
1948,1949,49,25
1949,1950,50,27
1950,1951,51,25
1951,1952,52,18
1952,1953,53,11
1953,1954,54,28
1954,1955,55,42
1955,1956,56,41
1956,1957,57,7
1957,1958,58,48
1958,1959,59,35
1959,1960,60,6
1960,1961,61,22
1961,1962,62,1
1962,1963,63,0
1963,1964,64,37
1964,1965,65,32
1965,1966,66,18
1966,1967,67,25
1967,1968,68,41
1968,1969,69,22
1969,1970,70,42
1970,1971,71,30
1971,1972,72,0
1972,1973,73,45
1973,1974,74,37
1974,1975,75,34
1975,1976,76,43
1976,1977,77,23
1977,1978,78,45
1978,1979,79,28
1979,1980,80,44
1980,1981,81,27
1981,1982,82,32
1982,1983,83,20
1983,1984,84,39
1984,1985,85,0
1985,1986,86,38
1986,1987,87,27
1987,1988,88,14
1988,1989,89,26
1989,1990,90,0
1990,1991,91,45
1991,1992,92,33
1992,1993,93,19
1993,1994,94,37
1994,1995,95,39
1995,1996,96,35
1996,1997,97,2
1997,1998,98,23
1998,1999,99,11
1999,2000,100,12
2000,1,1,3
2001,2,2,3
2002,3,3,34
2003,4,4,9
2004,5,5,1
2005,6,6,14
2006,7,7,9
2007,8,8,32
2008,9,9,48
2009,10,10,30
2010,11,11,38
2011,12,12,24
2012,13,13,47
2013,14,14,31
2014,15,15,14
2015,16,16,20
2016,17,17,35
2017,18,18,30
2018,19,19,45
2019,20,20,7
2020,21,21,13
2021,22,22,22
2022,23,23,8
2023,24,24,40
2024,25,25,5
2025,26,26,8
2026,27,27,17
2027,28,28,36
2028,29,29,8
2029,30,30,28
2030,31,31,15
2031,32,32,32
2032,33,33,7
2033,34,34,3
2034,35,35,18
2035,36,36,34
2036,37,37,27
2037,38,38,7
2038,39,39,0
2039,40,40,19
2040,41,41,27
2041,42,42,30
2042,43,43,45
2043,44,44,39
2044,45,45,31
2045,46,46,22
2046,47,47,45
2047,48,48,46
2048,49,49,7
2049,50,50,46
2050,51,51,28
2051,52,52,16
2052,53,53,27
2053,54,54,19
2054,55,55,15
2055,56,56,6
2056,57,57,41
2057,58,58,17
2058,59,59,3
2059,60,60,45
2060,61,61,27
2061,62,62,29
2062,63,63,15
2063,64,64,32
2064,65,65,19
2065,66,66,32
2066,67,67,49
2067,68,68,5
2068,69,69,3
2069,70,70,34
2070,71,71,14
2071,72,72,14
2072,73,73,31
2073,74,74,26
2074,75,75,31
2075,76,76,5
2076,77,77,39
2077,78,78,22
2078,79,79,34
2079,80,80,47
2080,81,81,19
2081,82,82,28
2082,83,83,24
2083,84,84,26
2084,85,85,24
2085,86,86,10
2086,87,87,39
2087,88,88,0
2088,89,89,0
2089,90,90,18
2090,91,91,29
2091,92,92,14
2092,93,93,27
2093,94,94,22
2094,95,95,26
2095,96,96,27
2096,97,97,31
2097,98,98,47
2098,99,99,27
2099,100,100,26
2100,101,1,40
2101,102,2,37
2102,103,3,17
2103,104,4,45
2104,105,5,23
2105,106,6,12
2106,107,7,2
2107,108,8,36
2108,109,9,30
2109,110,10,4
2110,111,11,39
2111,112,12,7
2112,113,13,17
2113,114,14,39
2114,115,15,25
2115,116,16,29
2116,117,17,17
2117,118,18,36
2118,119,19,40
2119,120,20,40
2120,121,21,14
2121,122,22,32
2122,123,23,0
2123,124,24,2
2124,125,25,28
2125,126,26,34
2126,127,27,15
2127,128,28,49
2128,129,29,19
2129,130,30,22
2130,131,31,33
2131,132,32,45
2132,133,33,11
2133,134,34,38
2134,135,35,4
2135,136,36,29
2136,137,37,45
2137,138,38,16
2138,139,39,48
2139,140,40,0
2140,141,41,19
2141,142,42,31
2142,143,43,22
2143,144,44,13
2144,145,45,36
2145,146,46,45
2146,147,47,37
2147,148,48,23
2148,149,49,8
2149,150,50,5
2150,151,51,47
2151,152,52,25
2152,153,53,42
2153,154,54,46
2154,155,55,44
2155,156,56,17
2156,157,57,10
2157,158,58,10
2158,159,59,27
2159,160,60,3
2160,161,61,19
2161,162,62,49
2162,163,63,30
2163,164,64,23
2164,165,65,8
2165,166,66,12
2166,167,67,18
2167,168,68,43
2168,169,69,23
2169,170,70,34
2170,171,71,42
2171,172,72,39
2172,173,73,10
2173,174,74,44
2174,175,75,17
2175,176,76,1
2176,177,77,18
2177,178,78,7
2178,179,79,15
2179,180,80,34
2180,181,81,22
2181,182,82,12
2182,183,83,41
2183,184,84,43
2184,185,85,35
2185,186,86,10
2186,187,87,7
2187,188,88,39
2188,189,89,9
2189,190,90,12
2190,191,91,14
2191,192,92,21
2192,193,93,13
2193,194,94,49
2194,195,95,31
2195,196,96,15
2196,197,97,13
2197,198,98,17
2198,199,99,11
2199,200,100,10
2200,201,1,41
2201,202,2,9
2202,203,3,11
2203,204,4,23
2204,205,5,44
2205,206,6,36
2206,207,7,15
2207,208,8,24
2208,209,9,7
2209,210,10,34
2210,211,11,22
2211,212,12,41
2212,213,13,43
2213,214,14,33
2214,215,15,28
2215,216,16,0
2216,217,17,4
2217,218,18,11
2218,219,19,13
2219,220,20,26
2220,221,21,17
2221,222,22,23
2222,223,23,16
2223,224,24,32
2224,225,25,6
2225,226,26,31
2226,227,27,21
2227,228,28,46
2228,229,29,20
2229,230,30,25
2230,231,31,13
2231,232,32,47
2232,233,33,3
2233,234,34,18
2234,235,35,0
2235,236,36,47
2236,237,37,22
2237,238,38,20
2238,239,39,13
2239,240,40,22
2240,241,41,8
2241,242,42,41
2242,243,43,0
2243,244,44,6
2244,245,45,1
2245,246,46,47
2246,247,47,14
2247,248,48,8
2248,249,49,17
2249,250,50,13
2250,251,51,27
2251,252,52,19
2252,253,53,7
2253,254,54,26
2254,255,55,25
2255,256,56,40
2256,257,57,40
2257,258,58,34
2258,259,59,14
2259,260,60,5
2260,261,61,19
2261,262,62,7
2262,263,63,15
2263,264,64,11
2264,265,65,18
2265,266,66,0
2266,267,67,34
2267,268,68,0
2268,269,69,4
2269,270,70,28
2270,271,71,40
2271,272,72,36
2272,273,73,9
2273,274,74,45
2274,275,75,9
2275,276,76,16
2276,277,77,1
2277,278,78,28
2278,279,79,40
2279,280,80,37
2280,281,81,18
2281,282,82,24
2282,283,83,31
2283,284,84,29
2284,285,85,27
2285,286,86,18
2286,287,87,18
2287,288,88,20
2288,289,89,17
2289,290,90,2
2290,291,91,46
2291,292,92,12
2292,293,93,10
2293,294,94,2
2294,295,95,38
2295,296,96,19
2296,297,97,20
2297,298,98,34
2298,299,99,48
2299,300,100,1
2300,301,1,4
2301,302,2,36
2302,303,3,43
2303,304,4,29
2304,305,5,45
2305,306,6,41
2306,307,7,42
2307,308,8,4
2308,309,9,19
2309,310,10,16
2310,311,11,29
2311,312,12,16
2312,313,13,17
2313,314,14,40
2314,315,15,12
2315,316,16,40
2316,317,17,3
2317,318,18,6
2318,319,19,11
2319,320,20,22
2320,321,21,10
2321,322,22,14
2322,323,23,40
2323,324,24,35
2324,325,25,7
2325,326,26,13
2326,327,27,49
2327,328,28,29
2328,329,29,41
2329,330,30,11
2330,331,31,15
2331,332,32,25
2332,333,33,29
2333,334,34,28
2334,335,35,4
2335,336,36,2
2336,337,37,35
2337,338,38,42
2338,339,39,10
2339,340,40,39
2340,341,41,7
2341,342,42,18
2342,343,43,34
2343,344,44,25
2344,345,45,41
2345,346,46,8
2346,347,47,45
2347,348,48,3
2348,349,49,21
2349,350,50,7
2350,351,51,35
2351,352,52,21
2352,353,53,15
2353,354,54,33
2354,355,55,11
2355,356,56,2
2356,357,57,41
2357,358,58,7
2358,359,59,33
2359,360,60,5
2360,361,61,47
2361,362,62,25
2362,363,63,26
2363,364,64,15
2364,365,65,17
2365,366,66,2
2366,367,67,25
2367,368,68,26
2368,369,69,23
2369,370,70,29
2370,371,71,16
2371,372,72,35
2372,373,73,2
2373,374,74,9
2374,375,75,9
2375,376,76,38
2376,377,77,20
2377,378,78,2
2378,379,79,39
2379,380,80,22
2380,381,81,45
2381,382,82,42
2382,383,83,16
2383,384,84,37
2384,385,85,45
2385,386,86,41
2386,387,87,33
2387,388,88,29
2388,389,89,26
2389,390,90,36
2390,391,91,36
2391,392,92,35
2392,393,93,48
2393,394,94,46
2394,395,95,34
2395,396,96,11
2396,397,97,21
2397,398,98,25
2398,399,99,48
2399,400,100,22
2400,401,1,3
2401,402,2,26
2402,403,3,34
2403,404,4,46
2404,405,5,26
2405,406,6,18
2406,407,7,32
2407,408,8,25
2408,409,9,44
2409,410,10,10
2410,411,11,32
2411,412,12,5
2412,413,13,18
2413,414,14,7
2414,415,15,2
2415,416,16,42
2416,417,17,24
2417,418,18,43
2418,419,19,14
2419,420,20,35
2420,421,21,21
2421,422,22,30
2422,423,23,13
2423,424,24,2
2424,425,25,47
2425,426,26,25
2426,427,27,7
2427,428,28,33
2428,429,29,44
2429,430,30,43
2430,431,31,43
2431,432,32,20
2432,433,33,21
2433,434,34,14
2434,435,35,23
2435,436,36,21
2436,437,37,19
2437,438,38,40
2438,439,39,33
2439,440,40,8
2440,441,41,21
2441,442,42,27
2442,443,43,22
2443,444,44,39
2444,445,45,43
2445,446,46,25
2446,447,47,34
2447,448,48,17
2448,449,49,36
2449,450,50,41
2450,451,51,17
2451,452,52,40
2452,453,53,24
2453,454,54,28
2454,455,55,16
2455,456,56,0
2456,457,57,5
2457,458,58,7
2458,459,59,1
2459,460,60,35
2460,461,61,21
2461,462,62,18
2462,463,63,28
2463,464,64,40
2464,465,65,41
2465,466,66,25
2466,467,67,13
2467,468,68,27
2468,469,69,7
2469,470,70,31
2470,471,71,45
2471,472,72,11
2472,473,73,32
2473,474,74,36
2474,475,75,27
2475,476,76,30
2476,477,77,30
2477,478,78,16
2478,479,79,30
2479,480,80,24
2480,481,81,32
2481,482,82,9
2482,483,83,32
2483,484,84,33
2484,485,85,40
2485,486,86,32
2486,487,87,2
2487,488,88,39
2488,489,89,40
2489,490,90,45
2490,491,91,3
2491,492,92,6
2492,493,93,32
2493,494,94,18
2494,495,95,32
2495,496,96,4
2496,497,97,20
2497,498,98,10
2498,499,99,4
2499,500,100,5
2500,501,1,44
2501,502,2,9
2502,503,3,17
2503,504,4,3
2504,505,5,2
2505,506,6,34
2506,507,7,20
2507,508,8,42
2508,509,9,2
2509,510,10,21
2510,511,11,33
2511,512,12,30
2512,513,13,23
2513,514,14,30
2514,515,15,30
2515,516,16,13
2516,517,17,2
2517,518,18,20
2518,519,19,6
2519,520,20,12
2520,521,21,28
2521,522,22,30
2522,523,23,1
2523,524,24,3
2524,525,25,20
2525,526,26,20
2526,527,27,45
2527,528,28,23
2528,529,29,27
2529,530,30,20
2530,531,31,34
2531,532,32,13
2532,533,33,21
2533,534,34,19
2534,535,35,38
2535,536,36,13
2536,537,37,35
2537,538,38,48
2538,539,39,14
2539,540,40,42
2540,541,41,8
2541,542,42,17
2542,543,43,6
2543,544,44,27
2544,545,45,22
2545,546,46,11
2546,547,47,43
2547,548,48,22
2548,549,49,25
2549,550,50,46
2550,551,51,8
2551,552,52,14
2552,553,53,40
2553,554,54,43
2554,555,55,47
2555,556,56,32
2556,557,57,23
2557,558,58,48
2558,559,59,22
2559,560,60,23
2560,561,61,37
2561,562,62,40
2562,563,63,8
2563,564,64,9
2564,565,65,37
2565,566,66,24
2566,567,67,13
2567,568,68,0
2568,569,69,7
2569,570,70,12
2570,571,71,6
2571,572,72,37
2572,573,73,49
2573,574,74,11
2574,575,75,27
2575,576,76,39
2576,577,77,31
2577,578,78,9
2578,579,79,28
2579,580,80,19
2580,581,81,43
2581,582,82,42
2582,583,83,21
2583,584,84,1
2584,585,85,36
2585,586,86,12
2586,587,87,2
2587,588,88,19
2588,589,89,24
2589,590,90,43
2590,591,91,7
2591,592,92,9
2592,593,93,8
2593,594,94,43
2594,595,95,45
2595,596,96,29
2596,597,97,27
2597,598,98,21
2598,599,99,35
2599,600,100,47
2600,601,1,37
2601,602,2,11
2602,603,3,36
2603,604,4,23
2604,605,5,11
2605,606,6,17
2606,607,7,38
2607,608,8,10
2608,609,9,6
2609,610,10,42
2610,611,11,40
2611,612,12,11
2612,613,13,2
2613,614,14,40
2614,615,15,29
2615,616,16,49
2616,617,17,33
2617,618,18,31
2618,619,19,48
2619,620,20,15
2620,621,21,7
2621,622,22,47
2622,623,23,0
2623,624,24,32
2624,625,25,6
2625,626,26,24
2626,627,27,42
2627,628,28,6
2628,629,29,35
2629,630,30,15
2630,631,31,20
2631,632,32,36
2632,633,33,35
2633,634,34,16
2634,635,35,20
2635,636,36,5
2636,637,37,37
2637,638,38,12
2638,639,39,36
2639,640,40,3
2640,641,41,30
2641,642,42,44
2642,643,43,2
2643,644,44,12
2644,645,45,4
2645,646,46,28
2646,647,47,41
2647,648,48,32
2648,649,49,2
2649,650,50,5
2650,651,51,33
2651,652,52,27
2652,653,53,11
2653,654,54,3
2654,655,55,15
2655,656,56,37
2656,657,57,4
2657,658,58,32
2658,659,59,34
2659,660,60,3
2660,661,61,2
2661,662,62,3
2662,663,63,10
2663,664,64,8
2664,665,65,46
2665,666,66,31
2666,667,67,21
2667,668,68,30
2668,669,69,1
2669,670,70,25
2670,671,71,42
2671,672,72,40
2672,673,73,37
2673,674,74,34
2674,675,75,35
2675,676,76,40
2676,677,77,49
2677,678,78,48
2678,679,79,40
2679,680,80,29
2680,681,81,25
2681,682,82,3
2682,683,83,48
2683,684,84,27
2684,685,85,7
2685,686,86,19
2686,687,87,37
2687,688,88,39
2688,689,89,28
2689,690,90,46
2690,691,91,8
2691,692,92,17
2692,693,93,7
2693,694,94,36
2694,695,95,15
2695,696,96,38
2696,697,97,10
2697,698,98,15
2698,699,99,34
2699,700,100,9
2700,701,1,4
2701,702,2,13
2702,703,3,44
2703,704,4,41
2704,705,5,19
2705,706,6,9
2706,707,7,20
2707,708,8,4
2708,709,9,44
2709,710,10,6
2710,711,11,3
2711,712,12,39
2712,713,13,24
2713,714,14,17
2714,715,15,45
2715,716,16,37
2716,717,17,3
2717,718,18,42
2718,719,19,21
2719,720,20,29
2720,721,21,7
2721,722,22,21
2722,723,23,4
2723,724,24,8
2724,725,25,12
2725,726,26,37
2726,727,27,49
2727,728,28,45
2728,729,29,49
2729,730,30,37
2730,731,31,30
2731,732,32,31
2732,733,33,3
2733,734,34,34
2734,735,35,42
2735,736,36,20
2736,737,37,14
2737,738,38,23
2738,739,39,48
2739,740,40,17
2740,741,41,32
2741,742,42,5
2742,743,43,9
2743,744,44,28
2744,745,45,29
2745,746,46,30
2746,747,47,45
2747,748,48,38
2748,749,49,39
2749,750,50,14
2750,751,51,42
2751,752,52,3
2752,753,53,34
2753,754,54,29
2754,755,55,19
2755,756,56,4
2756,757,57,6
2757,758,58,10
2758,759,59,3
2759,760,60,0
2760,761,61,22
2761,762,62,18
2762,763,63,41
2763,764,64,27
2764,765,65,40
2765,766,66,7
2766,767,67,14
2767,768,68,45
2768,769,69,33
2769,770,70,15
2770,771,71,23
2771,772,72,17
2772,773,73,26
2773,774,74,24
2774,775,75,2
2775,776,76,2
2776,777,77,13
2777,778,78,21
2778,779,79,46
2779,780,80,0
2780,781,81,16
2781,782,82,34
2782,783,83,38
2783,784,84,32
2784,785,85,45
2785,786,86,38
2786,787,87,12
2787,788,88,24
2788,789,89,20
2789,790,90,20
2790,791,91,27
2791,792,92,13
2792,793,93,3
2793,794,94,32
2794,795,95,43
2795,796,96,38
2796,797,97,26
2797,798,98,42
2798,799,99,40
2799,800,100,38
2800,801,1,22
2801,802,2,47
2802,803,3,25
2803,804,4,21
2804,805,5,28
2805,806,6,24
2806,807,7,43
2807,808,8,31
2808,809,9,25
2809,810,10,15
2810,811,11,6
2811,812,12,29
2812,813,13,28
2813,814,14,38
2814,815,15,30
2815,816,16,29
2816,817,17,45
2817,818,18,7
2818,819,19,36
2819,820,20,5
2820,821,21,3
2821,822,22,19
2822,823,23,2
2823,824,24,11
2824,825,25,10
2825,826,26,10
2826,827,27,32
2827,828,28,43
2828,829,29,18
2829,830,30,6
2830,831,31,17
2831,832,32,44
2832,833,33,29
2833,834,34,44
2834,835,35,5
2835,836,36,44
2836,837,37,19
2837,838,38,25
2838,839,39,40
2839,840,40,28
2840,841,41,8
2841,842,42,44
2842,843,43,0
2843,844,44,21
2844,845,45,11
2845,846,46,15
2846,847,47,29
2847,848,48,46
2848,849,49,34
2849,850,50,49
2850,851,51,19
2851,852,52,26
2852,853,53,24
2853,854,54,24
2854,855,55,38
2855,856,56,45
2856,857,57,26
2857,858,58,49
2858,859,59,12
2859,860,60,39
2860,861,61,2
2861,862,62,0
2862,863,63,8
2863,864,64,25
2864,865,65,9
2865,866,66,2
2866,867,67,13
2867,868,68,10
2868,869,69,18
2869,870,70,47
2870,871,71,47
2871,872,72,22
2872,873,73,4
2873,874,74,38
2874,875,75,11
2875,876,76,49
2876,877,77,29
2877,878,78,28
2878,879,79,29
2879,880,80,47
2880,881,81,43
2881,882,82,13
2882,883,83,36
2883,884,84,26
2884,885,85,35
2885,886,86,29
2886,887,87,10
2887,888,88,40
2888,889,89,16
2889,890,90,30
2890,891,91,37
2891,892,92,2
2892,893,93,39
2893,894,94,17
2894,895,95,14
2895,896,96,12
2896,897,97,37
2897,898,98,35
2898,899,99,24
2899,900,100,5
2900,901,1,43
2901,902,2,11
2902,903,3,9
2903,904,4,19
2904,905,5,26
2905,906,6,41
2906,907,7,28
2907,908,8,1
2908,909,9,7
2909,910,10,19
2910,911,11,3
2911,912,12,18
2912,913,13,5
2913,914,14,36
2914,915,15,15
2915,916,16,41
2916,917,17,9
2917,918,18,1
2918,919,19,31
2919,920,20,47
2920,921,21,41
2921,922,22,41
2922,923,23,4
2923,924,24,35
2924,925,25,7
2925,926,26,12
2926,927,27,36
2927,928,28,37
2928,929,29,37
2929,930,30,4
2930,931,31,7
2931,932,32,1
2932,933,33,22
2933,934,34,8
2934,935,35,23
2935,936,36,48
2936,937,37,35
2937,938,38,7
2938,939,39,25
2939,940,40,8
2940,941,41,48
2941,942,42,18
2942,943,43,10
2943,944,44,28
2944,945,45,44
2945,946,46,43
2946,947,47,40
2947,948,48,12
2948,949,49,19
2949,950,50,13
2950,951,51,31
2951,952,52,7
2952,953,53,46
2953,954,54,5
2954,955,55,7
2955,956,56,46
2956,957,57,34
2957,958,58,11
2958,959,59,37
2959,960,60,1
2960,961,61,12
2961,962,62,44
2962,963,63,37
2963,964,64,23
2964,965,65,46
2965,966,66,42
2966,967,67,13
2967,968,68,28
2968,969,69,47
2969,970,70,9
2970,971,71,49
2971,972,72,17
2972,973,73,37
2973,974,74,11
2974,975,75,39
2975,976,76,31
2976,977,77,28
2977,978,78,17
2978,979,79,17
2979,980,80,8
2980,981,81,10
2981,982,82,6
2982,983,83,32
2983,984,84,15
2984,985,85,30
2985,986,86,20
2986,987,87,37
2987,988,88,42
2988,989,89,40
2989,990,90,0
2990,991,91,16
2991,992,92,19
2992,993,93,19
2993,994,94,1
2994,995,95,23
2995,996,96,44
2996,997,97,3
2997,998,98,49
2998,999,99,12
2999,1000,100,45
3000,1001,1,11
3001,1002,2,33
3002,1003,3,14
3003,1004,4,1
3004,1005,5,49
3005,1006,6,31
3006,1007,7,9
3007,1008,8,1
3008,1009,9,45
3009,1010,10,13
3010,1011,11,35
3011,1012,12,3
3012,1013,13,2
3013,1014,14,24
3014,1015,15,35
3015,1016,16,2
3016,1017,17,17
3017,1018,18,33
3018,1019,19,31
3019,1020,20,17
3020,1021,21,11
3021,1022,22,9
3022,1023,23,29
3023,1024,24,4
3024,1025,25,19
3025,1026,26,6
3026,1027,27,24
3027,1028,28,12
3028,1029,29,16
3029,1030,30,35
3030,1031,31,34
3031,1032,32,10
3032,1033,33,24
3033,1034,34,30
3034,1035,35,49
3035,1036,36,48
3036,1037,37,26
3037,1038,38,31
3038,1039,39,4
3039,1040,40,21
3040,1041,41,6
3041,1042,42,19
3042,1043,43,7
3043,1044,44,45
3044,1045,45,23
3045,1046,46,16
3046,1047,47,33
3047,1048,48,41
3048,1049,49,24
3049,1050,50,37
3050,1051,51,33
3051,1052,52,44
3052,1053,53,35
3053,1054,54,29
3054,1055,55,27
3055,1056,56,37
3056,1057,57,37
3057,1058,58,6
3058,1059,59,40
3059,1060,60,22
3060,1061,61,48
3061,1062,62,13
3062,1063,63,15
3063,1064,64,12
3064,1065,65,7
3065,1066,66,16
3066,1067,67,27
3067,1068,68,37
3068,1069,69,11
3069,1070,70,27
3070,1071,71,28
3071,1072,72,38
3072,1073,73,26
3073,1074,74,4
3074,1075,75,15
3075,1076,76,14
3076,1077,77,3
3077,1078,78,37
3078,1079,79,26
3079,1080,80,49
3080,1081,81,44
3081,1082,82,19
3082,1083,83,41
3083,1084,84,1
3084,1085,85,16
3085,1086,86,1
3086,1087,87,32
3087,1088,88,23
3088,1089,89,1
3089,1090,90,36
3090,1091,91,47
3091,1092,92,15
3092,1093,93,3
3093,1094,94,46
3094,1095,95,44
3095,1096,96,33
3096,1097,97,15
3097,1098,98,8
3098,1099,99,48
3099,1100,100,9
3100,1101,1,7
3101,1102,2,41
3102,1103,3,34
3103,1104,4,40
3104,1105,5,41
3105,1106,6,13
3106,1107,7,5
3107,1108,8,24
3108,1109,9,44
3109,1110,10,39
3110,1111,11,19
3111,1112,12,4
3112,1113,13,6
3113,1114,14,44
3114,1115,15,43
3115,1116,16,10
3116,1117,17,32
3117,1118,18,35
3118,1119,19,38
3119,1120,20,36
3120,1121,21,26
3121,1122,22,27
3122,1123,23,11
3123,1124,24,41
3124,1125,25,16
3125,1126,26,4
3126,1127,27,6
3127,1128,28,39
3128,1129,29,41
3129,1130,30,44
3130,1131,31,28
3131,1132,32,47
3132,1133,33,6
3133,1134,34,18
3134,1135,35,34
3135,1136,36,28
3136,1137,37,34
3137,1138,38,36
3138,1139,39,49
3139,1140,40,6
3140,1141,41,3
3141,1142,42,13
3142,1143,43,17
3143,1144,44,31
3144,1145,45,28
3145,1146,46,28
3146,1147,47,6
3147,1148,48,31
3148,1149,49,9
3149,1150,50,9
3150,1151,51,25
3151,1152,52,33
3152,1153,53,1
3153,1154,54,14
3154,1155,55,8
3155,1156,56,7
3156,1157,57,6
3157,1158,58,1
3158,1159,59,11
3159,1160,60,37
3160,1161,61,36
3161,1162,62,30
3162,1163,63,24
3163,1164,64,32
3164,1165,65,17
3165,1166,66,24
3166,1167,67,10
3167,1168,68,42
3168,1169,69,29
3169,1170,70,18
3170,1171,71,33
3171,1172,72,25
3172,1173,73,33
3173,1174,74,11
3174,1175,75,36
3175,1176,76,1
3176,1177,77,4
3177,1178,78,7
3178,1179,79,10
3179,1180,80,46
3180,1181,81,0
3181,1182,82,35
3182,1183,83,41
3183,1184,84,8
3184,1185,85,20
3185,1186,86,42
3186,1187,87,2
3187,1188,88,49
3188,1189,89,35
3189,1190,90,18
3190,1191,91,30
3191,1192,92,30
3192,1193,93,16
3193,1194,94,44
3194,1195,95,42
3195,1196,96,12
3196,1197,97,5
3197,1198,98,25
3198,1199,99,0
3199,1200,100,12
3200,1201,1,12
3201,1202,2,42
3202,1203,3,2
3203,1204,4,22
3204,1205,5,11
3205,1206,6,17
3206,1207,7,15
3207,1208,8,36
3208,1209,9,16
3209,1210,10,4
3210,1211,11,5
3211,1212,12,16
3212,1213,13,16
3213,1214,14,46
3214,1215,15,1
3215,1216,16,29
3216,1217,17,30
3217,1218,18,14
3218,1219,19,37
3219,1220,20,45
3220,1221,21,21
3221,1222,22,0
3222,1223,23,11
3223,1224,24,14
3224,1225,25,44
3225,1226,26,12
3226,1227,27,28
3227,1228,28,39
3228,1229,29,25
3229,1230,30,2
3230,1231,31,3
3231,1232,32,29
3232,1233,33,35
3233,1234,34,37
3234,1235,35,8
3235,1236,36,19
3236,1237,37,2
3237,1238,38,48
3238,1239,39,9
3239,1240,40,9
3240,1241,41,4
3241,1242,42,23
3242,1243,43,2
3243,1244,44,10
3244,1245,45,15
3245,1246,46,44
3246,1247,47,3
3247,1248,48,31
3248,1249,49,24
3249,1250,50,14
3250,1251,51,9
3251,1252,52,14
3252,1253,53,19
3253,1254,54,11
3254,1255,55,47
3255,1256,56,36
3256,1257,57,0
3257,1258,58,9
3258,1259,59,29
3259,1260,60,4
3260,1261,61,1
3261,1262,62,21
3262,1263,63,2
3263,1264,64,30
3264,1265,65,39
3265,1266,66,14
3266,1267,67,7
3267,1268,68,29
3268,1269,69,3
3269,1270,70,41
3270,1271,71,19
3271,1272,72,20
3272,1273,73,3
3273,1274,74,39
3274,1275,75,40
3275,1276,76,28
3276,1277,77,15
3277,1278,78,11
3278,1279,79,31
3279,1280,80,18
3280,1281,81,16
3281,1282,82,28
3282,1283,83,12
3283,1284,84,2
3284,1285,85,4
3285,1286,86,11
3286,1287,87,28
3287,1288,88,48
3288,1289,89,32
3289,1290,90,35
3290,1291,91,15
3291,1292,92,18
3292,1293,93,5
3293,1294,94,20
3294,1295,95,19
3295,1296,96,10
3296,1297,97,7
3297,1298,98,20
3298,1299,99,22
3299,1300,100,22
3300,1301,1,17
3301,1302,2,26
3302,1303,3,33
3303,1304,4,43
3304,1305,5,29
3305,1306,6,32
3306,1307,7,39
3307,1308,8,9
3308,1309,9,37
3309,1310,10,42
3310,1311,11,25
3311,1312,12,31
3312,1313,13,10
3313,1314,14,23
3314,1315,15,25
3315,1316,16,18
3316,1317,17,24
3317,1318,18,33
3318,1319,19,32
3319,1320,20,8
3320,1321,21,19
3321,1322,22,27
3322,1323,23,4
3323,1324,24,16
3324,1325,25,43
3325,1326,26,40
3326,1327,27,44
3327,1328,28,19
3328,1329,29,26
3329,1330,30,19
3330,1331,31,48
3331,1332,32,14
3332,1333,33,32
3333,1334,34,47
3334,1335,35,20
3335,1336,36,41
3336,1337,37,34
3337,1338,38,21
3338,1339,39,3
3339,1340,40,39
3340,1341,41,24
3341,1342,42,3
3342,1343,43,43
3343,1344,44,22
3344,1345,45,2
3345,1346,46,6
3346,1347,47,44
3347,1348,48,5
3348,1349,49,15
3349,1350,50,15
3350,1351,51,28
3351,1352,52,15
3352,1353,53,33
3353,1354,54,24
3354,1355,55,24
3355,1356,56,23
3356,1357,57,12
3357,1358,58,15
3358,1359,59,45
3359,1360,60,14
3360,1361,61,39
3361,1362,62,33
3362,1363,63,18
3363,1364,64,20
3364,1365,65,14
3365,1366,66,17
3366,1367,67,30
3367,1368,68,28
3368,1369,69,35
3369,1370,70,46
3370,1371,71,35
3371,1372,72,41
3372,1373,73,16
3373,1374,74,46
3374,1375,75,4
3375,1376,76,34
3376,1377,77,46
3377,1378,78,32
3378,1379,79,30
3379,1380,80,33
3380,1381,81,12
3381,1382,82,24
3382,1383,83,36
3383,1384,84,39
3384,1385,85,14
3385,1386,86,33
3386,1387,87,12
3387,1388,88,4
3388,1389,89,49
3389,1390,90,13
3390,1391,91,37
3391,1392,92,8
3392,1393,93,26
3393,1394,94,29
3394,1395,95,42
3395,1396,96,0
3396,1397,97,6
3397,1398,98,40
3398,1399,99,30
3399,1400,100,8
3400,1401,1,25
3401,1402,2,12
3402,1403,3,49
3403,1404,4,17
3404,1405,5,19
3405,1406,6,9
3406,1407,7,22
3407,1408,8,13
3408,1409,9,43
3409,1410,10,34
3410,1411,11,49
3411,1412,12,28
3412,1413,13,44
3413,1414,14,34
3414,1415,15,27
3415,1416,16,10
3416,1417,17,2
3417,1418,18,34
3418,1419,19,18
3419,1420,20,10
3420,1421,21,38
3421,1422,22,4
3422,1423,23,26
3423,1424,24,0
3424,1425,25,18
3425,1426,26,7
3426,1427,27,2
3427,1428,28,20
3428,1429,29,25
3429,1430,30,16
3430,1431,31,11
3431,1432,32,27
3432,1433,33,15
3433,1434,34,4
3434,1435,35,22
3435,1436,36,15
3436,1437,37,26
3437,1438,38,35
3438,1439,39,48
3439,1440,40,49
3440,1441,41,29
3441,1442,42,48
3442,1443,43,42
3443,1444,44,15
3444,1445,45,0
3445,1446,46,9
3446,1447,47,17
3447,1448,48,21
3448,1449,49,16
3449,1450,50,9
3450,1451,51,5
3451,1452,52,6
3452,1453,53,47
3453,1454,54,26
3454,1455,55,10
3455,1456,56,15
3456,1457,57,25
3457,1458,58,6
3458,1459,59,7
3459,1460,60,45
3460,1461,61,31
3461,1462,62,0
3462,1463,63,9
3463,1464,64,36
3464,1465,65,32
3465,1466,66,48
3466,1467,67,32
3467,1468,68,44
3468,1469,69,26
3469,1470,70,16
3470,1471,71,28
3471,1472,72,17
3472,1473,73,22
3473,1474,74,7
3474,1475,75,19
3475,1476,76,0
3476,1477,77,29
3477,1478,78,23
3478,1479,79,37
3479,1480,80,27
3480,1481,81,3
3481,1482,82,8
3482,1483,83,44
3483,1484,84,31
3484,1485,85,21
3485,1486,86,44
3486,1487,87,25
3487,1488,88,43
3488,1489,89,23
3489,1490,90,47
3490,1491,91,48
3491,1492,92,41
3492,1493,93,36
3493,1494,94,5
3494,1495,95,39
3495,1496,96,19
3496,1497,97,17
3497,1498,98,43
3498,1499,99,38
3499,1500,100,1
3500,1501,1,20
3501,1502,2,20
3502,1503,3,13
3503,1504,4,40
3504,1505,5,38
3505,1506,6,43
3506,1507,7,3
3507,1508,8,37
3508,1509,9,6
3509,1510,10,43
3510,1511,11,30
3511,1512,12,38
3512,1513,13,6
3513,1514,14,8
3514,1515,15,23
3515,1516,16,27
3516,1517,17,39
3517,1518,18,45
3518,1519,19,48
3519,1520,20,7
3520,1521,21,20
3521,1522,22,49
3522,1523,23,0
3523,1524,24,39
3524,1525,25,5
3525,1526,26,9
3526,1527,27,44
3527,1528,28,39
3528,1529,29,22
3529,1530,30,35
3530,1531,31,41
3531,1532,32,16
3532,1533,33,17
3533,1534,34,36
3534,1535,35,12
3535,1536,36,47
3536,1537,37,43
3537,1538,38,19
3538,1539,39,10
3539,1540,40,24
3540,1541,41,25
3541,1542,42,28
3542,1543,43,21
3543,1544,44,10
3544,1545,45,26
3545,1546,46,10
3546,1547,47,36
3547,1548,48,34
3548,1549,49,19
3549,1550,50,41
3550,1551,51,49
3551,1552,52,23
3552,1553,53,37
3553,1554,54,41
3554,1555,55,47
3555,1556,56,32
3556,1557,57,29
3557,1558,58,31
3558,1559,59,35
3559,1560,60,41
3560,1561,61,0
3561,1562,62,2
3562,1563,63,37
3563,1564,64,6
3564,1565,65,14
3565,1566,66,44
3566,1567,67,41
3567,1568,68,32
3568,1569,69,48
3569,1570,70,1
3570,1571,71,11
3571,1572,72,33
3572,1573,73,48
3573,1574,74,12
3574,1575,75,26
3575,1576,76,13
3576,1577,77,10
3577,1578,78,28
3578,1579,79,11
3579,1580,80,26
3580,1581,81,37
3581,1582,82,37
3582,1583,83,46
3583,1584,84,30
3584,1585,85,4
3585,1586,86,41
3586,1587,87,48
3587,1588,88,12
3588,1589,89,47
3589,1590,90,29
3590,1591,91,3
3591,1592,92,30
3592,1593,93,41
3593,1594,94,37
3594,1595,95,2
3595,1596,96,31
3596,1597,97,11
3597,1598,98,42
3598,1599,99,27
3599,1600,100,26
3600,1601,1,20
3601,1602,2,22
3602,1603,3,35
3603,1604,4,48
3604,1605,5,38
3605,1606,6,43
3606,1607,7,36
3607,1608,8,15
3608,1609,9,7
3609,1610,10,20
3610,1611,11,44
3611,1612,12,9
3612,1613,13,9
3613,1614,14,23
3614,1615,15,48
3615,1616,16,11
3616,1617,17,21
3617,1618,18,24
3618,1619,19,0
3619,1620,20,30
3620,1621,21,21
3621,1622,22,7
3622,1623,23,40
3623,1624,24,10
3624,1625,25,22
3625,1626,26,44
3626,1627,27,14
3627,1628,28,7
3628,1629,29,12
3629,1630,30,47
3630,1631,31,46
3631,1632,32,10
3632,1633,33,31
3633,1634,34,48
3634,1635,35,4
3635,1636,36,8
3636,1637,37,1
3637,1638,38,10
3638,1639,39,2
3639,1640,40,8
3640,1641,41,44
3641,1642,42,16
3642,1643,43,13
3643,1644,44,8
3644,1645,45,32
3645,1646,46,40
3646,1647,47,19
3647,1648,48,33
3648,1649,49,5
3649,1650,50,20
3650,1651,51,45
3651,1652,52,24
3652,1653,53,28
3653,1654,54,5
3654,1655,55,39
3655,1656,56,1
3656,1657,57,37
3657,1658,58,27
3658,1659,59,16
3659,1660,60,40
3660,1661,61,24
3661,1662,62,11
3662,1663,63,1
3663,1664,64,2
3664,1665,65,2
3665,1666,66,4
3666,1667,67,12
3667,1668,68,12
3668,1669,69,41
3669,1670,70,11
3670,1671,71,15
3671,1672,72,6
3672,1673,73,6
3673,1674,74,24
3674,1675,75,3
3675,1676,76,45
3676,1677,77,5
3677,1678,78,25
3678,1679,79,3
3679,1680,80,31
3680,1681,81,28
3681,1682,82,27
3682,1683,83,41
3683,1684,84,19
3684,1685,85,13
3685,1686,86,39
3686,1687,87,31
3687,1688,88,9
3688,1689,89,5
3689,1690,90,20
3690,1691,91,11
3691,1692,92,6
3692,1693,93,42
3693,1694,94,46
3694,1695,95,20
3695,1696,96,25
3696,1697,97,6
3697,1698,98,19
3698,1699,99,9
3699,1700,100,23
3700,1701,1,34
3701,1702,2,19
3702,1703,3,17
3703,1704,4,19
3704,1705,5,18
3705,1706,6,40
3706,1707,7,47
3707,1708,8,16
3708,1709,9,12
3709,1710,10,34
3710,1711,11,39
3711,1712,12,11
3712,1713,13,42
3713,1714,14,38
3714,1715,15,41
3715,1716,16,15
3716,1717,17,5
3717,1718,18,3
3718,1719,19,31
3719,1720,20,43
3720,1721,21,16
3721,1722,22,6
3722,1723,23,20
3723,1724,24,0
3724,1725,25,17
3725,1726,26,27
3726,1727,27,44
3727,1728,28,15
3728,1729,29,16
3729,1730,30,26
3730,1731,31,23
3731,1732,32,43
3732,1733,33,0
3733,1734,34,20
3734,1735,35,19
3735,1736,36,39
3736,1737,37,19
3737,1738,38,6
3738,1739,39,18
3739,1740,40,25
3740,1741,41,48
3741,1742,42,18
3742,1743,43,19
3743,1744,44,44
3744,1745,45,0
3745,1746,46,17
3746,1747,47,12
3747,1748,48,36
3748,1749,49,12
3749,1750,50,4
3750,1751,51,42
3751,1752,52,42
3752,1753,53,9
3753,1754,54,3
3754,1755,55,36
3755,1756,56,44
3756,1757,57,21
3757,1758,58,10
3758,1759,59,12
3759,1760,60,43
3760,1761,61,46
3761,1762,62,3
3762,1763,63,29
3763,1764,64,38
3764,1765,65,14
3765,1766,66,11
3766,1767,67,44
3767,1768,68,8
3768,1769,69,9
3769,1770,70,11
3770,1771,71,25
3771,1772,72,9
3772,1773,73,26
3773,1774,74,15
3774,1775,75,43
3775,1776,76,0
3776,1777,77,3
3777,1778,78,40
3778,1779,79,48
3779,1780,80,2
3780,1781,81,33
3781,1782,82,27
3782,1783,83,37
3783,1784,84,36
3784,1785,85,8
3785,1786,86,10
3786,1787,87,2
3787,1788,88,14
3788,1789,89,8
3789,1790,90,19
3790,1791,91,19
3791,1792,92,22
3792,1793,93,29
3793,1794,94,35
3794,1795,95,42
3795,1796,96,43
3796,1797,97,8
3797,1798,98,12
3798,1799,99,28
3799,1800,100,39
3800,1801,1,28
3801,1802,2,47
3802,1803,3,12
3803,1804,4,11
3804,1805,5,31
3805,1806,6,38
3806,1807,7,23
3807,1808,8,38
3808,1809,9,21
3809,1810,10,37
3810,1811,11,23
3811,1812,12,43
3812,1813,13,9
3813,1814,14,31
3814,1815,15,32
3815,1816,16,9
3816,1817,17,47
3817,1818,18,43
3818,1819,19,40
3819,1820,20,41
3820,1821,21,49
3821,1822,22,24
3822,1823,23,23
3823,1824,24,27
3824,1825,25,21
3825,1826,26,25
3826,1827,27,39
3827,1828,28,19
3828,1829,29,3
3829,1830,30,17
3830,1831,31,42
3831,1832,32,42
3832,1833,33,42
3833,1834,34,0
3834,1835,35,11
3835,1836,36,29
3836,1837,37,37
3837,1838,38,16
3838,1839,39,4
3839,1840,40,1
3840,1841,41,4
3841,1842,42,37
3842,1843,43,30
3843,1844,44,44
3844,1845,45,29
3845,1846,46,8
3846,1847,47,44
3847,1848,48,43
3848,1849,49,42
3849,1850,50,24
3850,1851,51,14
3851,1852,52,25
3852,1853,53,42
3853,1854,54,31
3854,1855,55,22
3855,1856,56,49
3856,1857,57,44
3857,1858,58,1
3858,1859,59,30
3859,1860,60,4
3860,1861,61,27
3861,1862,62,41
3862,1863,63,9
3863,1864,64,16
3864,1865,65,42
3865,1866,66,4
3866,1867,67,11
3867,1868,68,30
3868,1869,69,18
3869,1870,70,12
3870,1871,71,16
3871,1872,72,36
3872,1873,73,6
3873,1874,74,43
3874,1875,75,42
3875,1876,76,37
3876,1877,77,19
3877,1878,78,13
3878,1879,79,43
3879,1880,80,7
3880,1881,81,15
3881,1882,82,47
3882,1883,83,22
3883,1884,84,8
3884,1885,85,45
3885,1886,86,31
3886,1887,87,42
3887,1888,88,17
3888,1889,89,31
3889,1890,90,47
3890,1891,91,2
3891,1892,92,3
3892,1893,93,5
3893,1894,94,48
3894,1895,95,5
3895,1896,96,11
3896,1897,97,16
3897,1898,98,12
3898,1899,99,17
3899,1900,100,26
3900,1901,1,37
3901,1902,2,44
3902,1903,3,31
3903,1904,4,4
3904,1905,5,2
3905,1906,6,14
3906,1907,7,33
3907,1908,8,21
3908,1909,9,13
3909,1910,10,27
3910,1911,11,12
3911,1912,12,46
3912,1913,13,12
3913,1914,14,42
3914,1915,15,16
3915,1916,16,3
3916,1917,17,10
3917,1918,18,44
3918,1919,19,17
3919,1920,20,12
3920,1921,21,43
3921,1922,22,36
3922,1923,23,39
3923,1924,24,24
3924,1925,25,22
3925,1926,26,11
3926,1927,27,29
3927,1928,28,12
3928,1929,29,9
3929,1930,30,14
3930,1931,31,48
3931,1932,32,12
3932,1933,33,3
3933,1934,34,34
3934,1935,35,4
3935,1936,36,26
3936,1937,37,25
3937,1938,38,23
3938,1939,39,27
3939,1940,40,42
3940,1941,41,36
3941,1942,42,46
3942,1943,43,33
3943,1944,44,13
3944,1945,45,46
3945,1946,46,36
3946,1947,47,13
3947,1948,48,19
3948,1949,49,41
3949,1950,50,46
3950,1951,51,38
3951,1952,52,11
3952,1953,53,42
3953,1954,54,28
3954,1955,55,31
3955,1956,56,39
3956,1957,57,6
3957,1958,58,12
3958,1959,59,7
3959,1960,60,27
3960,1961,61,6
3961,1962,62,49
3962,1963,63,47
3963,1964,64,25
3964,1965,65,20
3965,1966,66,48
3966,1967,67,2
3967,1968,68,15
3968,1969,69,27
3969,1970,70,37
3970,1971,71,48
3971,1972,72,13
3972,1973,73,5
3973,1974,74,43
3974,1975,75,32
3975,1976,76,19
3976,1977,77,20
3977,1978,78,4
3978,1979,79,41
3979,1980,80,40
3980,1981,81,25
3981,1982,82,43
3982,1983,83,8
3983,1984,84,19
3984,1985,85,10
3985,1986,86,16
3986,1987,87,33
3987,1988,88,9
3988,1989,89,37
3989,1990,90,21
3990,1991,91,10
3991,1992,92,42
3992,1993,93,47
3993,1994,94,15
3994,1995,95,12
3995,1996,96,0
3996,1997,97,5
3997,1998,98,32
3998,1999,99,46
3999,2000,100,45
4000,1,1,48
